6525.35	5979.62	5501.83	12871	14607.2	15734.3	16802.7	14889.5	14235.9	13851.9	16312.5	12975.3	13994.3	11427.2	11834.3	13993.1	14282.3	11696	13659.9	16110.2	12105.9	13624.5	13112.2	15028.3	16538.3	15001.9	15572	11456.6	14669.8	11728.2	11925.5	13687.9	12684.1	12017.4	12362.3	14478	15444.2	12829.2	12713.7	11617.7	12390	14251.7	10024.5	14286.9	11928.1	12148.7	13398.8	12994.8	11403.2	12315.3	12216.6	11806.4	13532.6	10017.8	12075.4	12218.9	11895.9	12287.3	12000.1	13168.8	11892.8	12974	12035	10949.8	9055.73	13351	14249.3	10710.6	12148.7	11720	11352.8	8770.96	12628.5	10096.9	9701.25	10301.3	10529	9435.14	9957.24	10988.1	8374.41	9547.15	8981.67	8502.52	9082.47	8181.59	6810.01	8466.54	7441.82	5859.35
5979.62	5482.79	5045.69	11871.8	13474.8	14517.6	15492.7	13739.8	13127.9	12777.3	15052.2	11965.9	12909.9	10543	10914.2	12916.8	13172	10785.1	12595.5	14856.2	11168	12562.5	12095	13862	15253.4	13835.3	14356	10563.6	13527.9	10814.9	11000.3	12621.3	11699.1	11078.2	11407.4	13357.6	14239.4	11830.3	11728	10711.5	11423.6	13144.1	9244.15	13176.2	11000	11199.4	12362.8	11986	10515.3	11358.3	11263.5	10890.6	12478.8	9232.56	11136.9	11268.8	10969.9	11329.9	11068.5	12144.1	10967.9	11967.3	11096.8	10096.6	8349.75	12313.5	13140.5	9877.31	11202.5	10806.8	10463	8089.06	11641.3	9308.72	8946.25	9497.54	9701.81	8694.5	9176.44	10120.3	7713.65	8789.67	8265.94	7826.92	8344.84	7523.34	6256.62	7783.94	6832.48	5376.26
5501.83	5045.69	4643.84	10947.7	12426.4	13389.4	14284.9	12672.6	12104.9	11783	13883.1	11033.7	11905.6	9723.17	10064.1	11915	12146.2	9944.52	11613.4	13698.8	10299.4	11583	11153.7	12783.2	14065.9	12757.7	13236.1	9740	12473.9	9971.99	10144.3	11637.5	10788.3	10213.6	10521.2	12319.3	13129	10908.4	10815.6	9876.08	10532.7	12120.7	8523.81	12150	10142.9	10325.3	11402	11053	9695.83	10473.9	10385	10043.2	11506.3	8511.15	10269.9	10391.2	10115.1	10446.7	10206.9	11198.1	10113.6	11036.1	10231.7	9309.59	7698.79	11354.7	12116.9	9107.87	10329.6	9964.52	9645.49	7459.11	10733	8582.64	8249.33	8756.83	8943.25	8014.95	8459.37	9327.45	7109.68	8100.01	7616.33	7212.54	7684.51	6930.14	5761.51	7169.5	6290.46	4948.71
12871	11871.8	10947.7	27427.4	31146.6	33630.2	35584.9	31870.9	30226.3	29522.6	34883.9	27582.7	29859.4	24428.2	25184.2	30093.5	30367.7	24837.1	28969.1	34179.9	25847	28891.6	27943.2	32003	35151.1	31870.1	32932.3	24314.6	31137.8	24909.6	25422.5	29029.5	27010.3	25422.7	26472.5	30921.3	32694.8	27235.9	27112.8	24628.7	26251.2	30303.9	21312	30356.9	25339.2	25690	28647.5	27665.8	24228.9	26206.5	25879.6	25173.4	28714.6	21135.2	25698.8	25979.7	25265	26066.1	25561.1	27974.9	25289.1	27640.7	25510.3	23244.7	19242.1	28392.4	30245.4	22767.1	25775	24862.2	23933.4	18680	26685.6	21384.3	20629.7	21824.5	22146.7	19872.1	20977.3	22954.7	17550.6	19873.1	18619.1	17671.1	18448.9	16789.6	13845.3	17310.6	15000.3	11734.5
14607.2	13474.8	12426.4	31146.6	35372.9	38196.2	40417.2	36198.1	34327.3	33527.9	39623.1	31323	33910.5	27740.9	28598.1	34177.7	34488.3	28204.3	32899.2	38822.1	29352.8	32810.9	31734.3	36346.9	39926	36196.9	37402.7	27610	35364.3	28286.5	28870.7	32968.6	30673.9	28869.6	30064.1	35119.1	37133.3	30930.6	30791.2	27967.9	29812.2	34416.9	24199.8	34478.3	28776.6	29174.4	32536	31419.7	27512.9	29761.3	29390	28587.8	32611.5	23998.8	29184.4	29504.3	28691.8	29601.9	29028.3	31770.8	28718.9	31391.8	28971.9	26395.8	21847.4	32246.2	34352.6	25854.5	29273.1	28235.4	27179.4	21210.7	30308.1	24284.5	23426.3	24784.7	25150.3	22566	23823	26070.7	19929	22567.9	21142.2	20067	20946.6	19063.7	15717.2	19657.3	17028.5	13319
15734.3	14517.6	13389.4	33630.2	38196.2	41252.6	43637	39095.3	37061.6	36203.1	42798.8	33818.7	36617.9	29955.8	30876.7	36919	37238.7	30448.8	35517	41918	31698.5	35422.5	34266.3	39249	43113.3	39084	40378.1	29807.3	38182.8	30538.2	31174	35594.9	33120.6	31163.4	32469.1	37928.7	40089.9	33394	33249.5	30191	32184.3	37162.5	26126.9	37227.8	31069	31492.9	35138.4	33926.8	29703.3	32134.5	31728	30869.8	35209.9	25901.9	31513.6	31858.1	30977.6	31959.4	31343.9	34304.1	31007.9	33899.4	31279.1	28497.4	23586.4	34819.4	37094.4	27915.2	31606.4	30485.4	29336.8	22901.7	32721.7	26217.9	25294.7	26757.5	27145.5	24357	25714.2	28134.9	21508	24351.3	22809.3	21651.8	22583.1	20560.1	16945.1	21197.7	18355.1	14352.3
16802.7	15492.7	14284.9	35584.9	40417.2	43637	46220.4	41348	39239.4	38308.8	45269.8	35795.4	38742.4	31684.3	32676	39017.1	39418.1	32233.7	37610.9	44388.4	33530.4	37508.6	36260.1	41538.6	45643.6	41378.6	42776.3	31554.2	40428.3	32326.8	32985.5	37689.9	35048.9	33007.4	34334.6	40124.2	42463.7	35355	35180.3	31969.9	34083.6	39337.7	27651	39413.4	32891	33360.1	37167	35905.4	31440.4	34009.2	33601.3	32660.8	37280.4	27442.8	33348.5	33719.4	32793.2	33838.1	33168.5	36313.9	32819.6	35871.7	33123.2	30167.4	24959.3	36856.1	39274.9	29546.7	33465.3	32277.1	31088.1	24229.4	34663.6	27763	26767.4	28334.9	28773.2	25810.7	27252.1	29853	22804.2	25844.8	24219.3	22984.4	24041.1	21859	18032.2	22552.8	19554.3	15300.1
14889.5	13739.8	12672.6	31870.9	36198.1	39095.3	41348	37052.1	35119.9	34308.9	40560.5	32048.2	34702.7	28390.7	29260.9	34992.8	35288.4	28854.4	33655.5	39720.1	30041.3	33566	32473.6	37194.2	40854	37036	38259.2	28246.3	36181.7	28939.1	29543.4	33729.5	31387.5	29529.2	30772.9	35945.1	37986.7	31644.5	31510.5	28609.1	30497	35216.2	24759.7	35277.3	29441.8	29841	33301.7	32151.3	28148.3	30452.6	30064.8	29255.2	33364.7	24543	29864.1	30190	29355.1	30284.8	29703.8	32507.1	29384.7	32125.3	29639.4	27004.9	22352.3	32995.9	35149.9	26453.7	29949.8	28887.8	27796.5	21703.9	31003.9	24843.4	23970.6	25354.6	25718.8	23077.8	24363.4	26652.1	20376.4	23066.7	21604.6	20509	21382	19470.5	16044.8	20072.6	17376.8	13585.9
14235.9	13127.9	12104.9	30226.3	34327.3	37061.6	39239.4	35119.9	33321.5	32537.3	38444.8	30401.7	32906.9	26916.3	27755	33149.5	33474.5	27376.7	31937.6	37686.2	28481.5	31851.3	30797.2	35275.3	38753.6	35134.8	36315.6	26800.2	34328.5	27456	28017.3	32003.7	29768.6	28028.9	29167.3	34077	36051.5	30023.9	29880.3	27150.5	28942	33405.2	23487.5	33466.7	27932	28326.1	31568.8	30493.4	26704.4	28884.5	28532.3	27741.9	31656.5	23303.5	28323.6	28636.1	27849.8	28735.1	28171.4	30837.9	27873.8	30464.8	28125.2	25621.2	21203.7	31297.5	33346.1	25094.1	28416	27408.3	26393.5	20583.5	29427.2	23575.1	22735.6	24060.7	24425.9	21913.8	23135.1	25330.9	19358	21930.6	20549.7	19502.4	20383.5	18540.2	15292.8	19123	16576.8	12970
13851.9	12777.3	11783	29522.6	33527.9	36203.1	38308.8	34308.9	32537.3	31779.3	37555.3	29690.4	32141.9	26294.3	27107.4	32394.4	32689.7	26734.3	31183.6	36796.4	27822.6	31100.1	30079.3	34450.9	37842.6	34308.5	35451.7	26171.6	33519.9	26812.2	27365.3	31249.7	29074.6	27365.1	28495.8	33287.3	35196.4	29317.8	29185.5	26509.9	28258.1	32622.1	22939.1	32679.7	27276.1	27653.8	30838.6	29781.4	26079.2	28209.6	27857.9	27097.4	30911	22749.1	27663.3	27966.3	27196.2	28058.9	27514.7	30114.4	27221.9	29754.9	27461.2	25020.5	20710.1	30564.4	32561.1	24507	27746.7	26763.5	25763	20105.9	28728	23019.1	22206	23492.9	23839.9	21390.5	22581.4	24712.1	18891.7	21393.1	20042.2	19022.5	19858.7	18072.6	14901.9	18635.1	16145.5	12629.2
16312.5	15052.2	13883.1	34883.9	39623.1	42798.8	45269.8	40560.5	38444.8	37555.3	44408.3	35080.3	37985.5	31074	32027.2	38303.2	38629.7	31583	36840.6	43487.3	32884.9	36743.8	35546.3	40717.3	44729	40546.4	41885.5	30918.2	39609.7	31676.1	32338	36925.3	34357.7	32323.7	33683.6	39351.8	41588.4	34640	34492.7	31313.7	33384.7	38552.8	27100.5	38620.5	32228.5	32666.6	36454.4	35196.2	30809.5	33334.6	32911.2	32023.3	36525.6	26864.6	32692.4	33050	32134.3	33152.8	32514.3	35586.7	32165.6	35168.9	32447.6	29560.4	24464.7	36122.8	38485.2	28957.5	32788.6	31625.3	30430	23755.6	33946.7	27197.2	26239.8	27756.3	28157.1	25264.6	26673.1	29185.2	22309	25258.4	23657.1	22457.7	23418.9	21322.7	17571.7	21984.4	19034	14880.5
12975.3	11965.9	11033.7	27582.7	31323	33818.7	35795.4	32048.2	30401.7	29690.4	35080.3	27741.9	30028	24564.4	25328	30256.3	30542.4	24981	29137.9	34380.2	25992.8	29060.2	28102.4	32185.8	35355.2	32055.2	33127.7	24456.1	31319.4	25053.7	25566.8	29199.6	27164.7	25573.2	26618.9	31096.1	32888.4	27394.1	27266.6	24772.2	26405.6	30479.3	21434.7	30532.9	25485.8	25842.8	28808	27824.7	24368.6	26356.8	26031.9	25316.4	28882.7	21262.2	25846.7	26130.2	25412	26218.7	25706.7	28137.6	25434.8	27798.8	25660.3	23379.9	19353.2	28556.4	30423	22898.6	25926.1	25008.1	24077.9	18786.6	26845.8	21510.6	20749.1	21953	22282.2	19992.7	21104.6	23100.9	17659.8	20001.7	18741.6	17786.1	18582.2	16905.4	13944.9	17432.7	15112.2	11824.3
13994.3	12909.9	11905.6	29859.4	33910.5	36617.9	38742.4	34702.7	32906.9	32141.9	37985.5	30028	32509.3	26595.4	27416.2	32768.3	33061.9	27037.9	31537.3	37214.1	28140.4	31452.7	30422.6	34843.7	38272.9	34698.4	35852.5	26468.5	33900.4	27116.7	27677.7	31603.9	29406	27674.3	28823.1	33667.9	35594.7	29650.7	29518.6	26810.6	28578.1	32993.1	23199.8	33051.2	27586	27966.1	31192	30120.5	26375.5	28530.8	28173.3	27406.6	31261.7	23005.1	27978.1	28284.2	27504.9	28377	27828.3	30456.6	27531.4	30094	27772.4	25304.2	20945.2	30912.1	32930.6	24785.5	28061.4	27066.9	26052.8	20335	29052.1	23279.4	22458.4	23758.9	24107.4	21631	22835.1	24986.8	19102.5	21629.9	20262.9	19232.6	20071.3	18269.1	15061.5	18836.3	16316.5	12761.8
11427.2	10543	9723.17	24428.2	27740.9	29955.8	31684.3	28390.7	26916.3	26294.3	31074	24564.4	26595.4	21760.2	22429.4	26813.6	27043.9	22118.2	25795	30435.4	23023.5	25726.4	24887.6	28501.9	31303	28380.5	29320.2	21652.9	27727.5	22182.9	22642.8	25849.9	24056.4	22635.7	23582.7	27542.9	29110.5	24253.5	24149	21930.2	23374.5	26987.4	18980.6	27033.2	22565.1	22873.2	25518.3	24639.9	21577.2	23339.6	23043.7	22421.8	25569.7	18816.9	22888.3	23137.3	22499.4	23211.7	22765.4	24912.6	22522.2	24618.1	22715.5	20700.3	17137.6	25285.5	26933.2	20275.7	22952.3	22139.7	21306.1	16638.1	23759.3	19041.5	18373.4	19433.1	19714	17690.7	18674	20426.8	15621.1	17682.6	16564.2	15722.1	16398.5	14930.1	12307.9	15390.4	13329.5	10424.8
11834.3	10914.2	10064.1	25184.2	28598.1	30876.7	32676	29260.9	27755	27107.4	32027.2	25328	27416.2	22429.4	23125.2	27627.9	27884	22807.4	26601.1	31384.8	23732.5	26530	25657.5	29384.6	32275.6	29263.6	30240.9	22328.1	28591.8	22873.8	23343	26656.7	24801.5	23346.2	24305.1	28390.3	30022.6	25009.3	24894.8	22616.3	24105.9	27825.6	19570.5	27874.1	23267.5	23591.7	26302.4	25403.1	22248.7	24063.4	23765	23114.4	26367.3	19410.6	23597.7	23855.7	23199.9	23935.9	23470.4	25687.7	23221.7	25379.6	23425.3	21345.3	17670.6	26070.4	27772.1	20905.9	23668	22830.1	21979.4	17153.2	24505.5	19637.3	18943.8	20041.1	20339.4	18250.3	19264.7	21083	16119.7	18254.5	17104	16232.1	16953.3	15425.9	12723.5	15905.2	13786.4	10786.6
13993.1	12916.8	11915	30093.5	34177.7	36919	39017.1	34992.8	33149.5	32394.4	38303.2	30256.3	32768.3	26813.6	27627.9	33063	33312.3	27238.9	31763.8	37486.3	28371.5	31680.9	30661.1	35114	38561	34957.8	36099.1	26666	34149.7	27319.7	27895.9	31835.8	29635.7	27867.8	29066.4	33943.6	35845.9	29869.8	29753.8	27002.3	28782.3	33244.2	23377.9	33298.1	27791.9	28159.6	31449.7	30354.8	26574.4	28750.8	28374.3	27625.5	31491.8	23159.4	28197.8	28502	27711.2	28586.2	28045.8	30686.5	27741.9	30332.3	27973.7	25493.9	21107.7	31149	33176.4	24974.7	28268.6	27267.5	26224.7	20496.9	29255.2	23448.5	22634	23930.4	24261.4	21774.1	22984.3	25126.1	19220.1	21744.9	20362	19331.2	20124.6	18338.2	15106.1	18896.8	16350	12779.4
14282.3	13172	12146.2	30367.7	34488.3	37238.7	39418.1	35288.4	33474.5	32689.7	38629.7	30542.4	33061.9	27043.9	27884	33312.3	33630	27502.3	32083.3	37860	28616.8	31996.9	30941.1	35440.3	38933.9	35297.6	36479.6	26922.9	34486.5	27582.2	28148.6	32150.7	29907.8	28155.2	29307.3	34239.3	36215.4	30161.9	30020.8	27273.9	29073.6	33560.3	23595.9	33621.5	28060.7	28453.3	31719.5	30635.7	26827.4	29018.9	28661.9	27872.4	31802	23406.9	28456	28769.3	27977.9	28866.8	28303.2	30980.5	28002.9	30607.9	28253.8	25739.1	21301.8	31443.3	33500.6	25210.4	28546.8	27534.4	26510.8	20679.8	29560.8	23682.8	22841.7	24170.5	24533.6	22011.2	23237.7	25439	19442.5	22023.3	20634.6	19583.9	20459.5	18613.2	15350.2	19196.2	16636.9	13015.2
11696	10785.1	9944.52	24837.1	28204.3	30448.8	32233.7	28854.4	27376.7	26734.3	31583	24981	27037.9	22118.2	22807.4	27238.9	27502.3	22495.7	26239.7	30958.2	23403.5	26169.2	25304.4	28981	31835.1	28864.3	29833	22022.7	28202.6	22561	23021.3	26293.8	24460.4	23030.4	23966.5	27997.5	29616.4	24668.3	24551.3	22308.9	23779	27444.8	19301.6	27493.7	22949.7	23273	25937.7	25054.2	21943.9	23733.2	23442.5	22795.4	26008.3	19149.1	23272.9	23528.5	22882.9	23609.8	23147.4	25336.6	22903.3	25030.1	23106.9	21053.4	17427.2	25713.2	27393.7	20619.3	23345.7	22519	21684.5	16916.2	24174.5	19370.2	18683.1	19768.9	20067.8	18005.2	19006.7	20806.4	15905.2	18016.1	16882.4	16020.9	16743.8	15230.5	12565	15706.7	13618.1	10656.7
13659.9	12595.5	11613.4	28969.1	32899.2	35517	37610.9	33655.5	31937.6	31183.6	36840.6	29137.9	31537.3	25795	26601.1	31763.8	32083.3	26239.7	30612.8	36121	27294.3	30529.2	29515.7	33808	37142.8	33674.9	34810.4	25686.3	32902.9	26315.3	26851.4	30674.2	28530	26866.7	27950.9	32656.6	34555.7	28777	28636.2	26024.7	27741	32016.1	22510.7	32076.1	26771.6	27151.5	30252.8	29224.4	25594.7	27683.1	27348.4	26586.7	30341.3	22338.1	27144.2	27444.5	26692	27541.1	26999.4	29555.6	26714.6	29196.1	26957.3	24556.3	20321.3	29995.6	31959.5	24050.5	27235.1	26269.1	25300.5	19726.4	28205.7	22595.9	21789.2	23061.8	23415.1	21006	22177.3	24285.3	18557.3	21026.3	19703.8	18698.7	19551.2	17779.9	14667.3	18340.7	15900.9	12442.6
16110.2	14856.2	13698.8	34179.9	38822.1	41918	44388.4	39720.1	37686.2	36796.4	43487.3	34380.2	37214.1	30435.4	31384.8	37486.3	37860	30958.2	36121	42631.4	32208.5	36023.1	34828.6	39898.1	43838.8	39741.8	41079.4	30305.4	38828.9	31047.9	31683.5	36197.5	33664.9	31698.3	32983.5	38542.4	40780.5	33955.7	33791.8	30703.5	32733.4	37782.7	26557.7	37854.4	31589.7	32036.5	35702.9	34486.9	30197	32665.8	32269.6	31372.1	35805.2	26352.2	32031.4	32386.6	31496	32498.4	31858.9	34877.8	31522.2	34455.6	31811.1	28973.3	23972.7	35399	37721.5	28378.7	32140.6	30999.5	29852.7	23273.1	33288.6	26663.1	25710.2	27212.5	27628.5	24784.6	26168.5	28659.8	21895.4	24810.5	23247.6	22063.9	23065	20976.9	17300.8	21640.1	18757.4	14674.6
12105.9	11168	10299.4	25847	29352.8	31698.5	33530.4	30041.3	28481.5	27822.6	32884.9	25992.8	28140.4	23023.5	23732.5	28371.5	28616.8	23403.5	27294.3	32208.5	24363.4	27222.8	26334.2	30160.2	33126.2	30033	31026.9	22912.4	29341	23472.3	23958.4	27355.3	25455.4	23952.2	24952.6	29146.8	30806.1	25663.9	25553.5	23203.7	24734.3	28558.5	20084	28606.6	23877.4	24204.2	27002.3	26073.9	22830.9	24696.6	24384.3	23725.6	27058.2	19911.4	24221.4	24484.8	23808.6	24563	24088.6	26363.2	23832.1	26051.7	24038.1	21904.9	18134.4	26757.9	28503.8	21455.3	24289.3	23429.7	22547.2	17605.4	25146	20151	19443.6	20564.7	20863.4	18722.1	19762.4	21621	16533.4	18717.4	17533.9	16642.1	17363.1	15806.2	13032.3	16294.2	14116.4	11040.4
13624.5	12562.5	11583	28891.6	32810.9	35422.5	37508.6	33566	31851.3	31100.1	36743.8	29060.2	31452.7	25726.4	26530	31680.9	31996.9	26169.2	30529.2	36023.1	27222.8	30446.7	29436.8	33717.3	37042.5	33584.2	34715.3	25618.3	32813.9	26244.9	26779.7	30592.3	28454.2	26794	27877.1	32570.6	34461.9	28699.4	28560.2	25953.6	27666	31930.4	22451.2	31989.4	26699.7	27078.2	30172.7	29146.9	25526.4	27609.3	27274.6	26516.4	30259.8	22278	27073	27372.1	26620.9	27467.7	26927.4	29476.9	26643.6	29119.1	26884.9	24491.3	20268.7	29915.8	31874.4	23986.8	27162.3	26199.4	25231.9	19674.9	28130.5	22536	21732.4	23000	23351.8	20949.8	22117	24218.9	18508	20969.6	19650.6	18648	19497.9	17731.8	14628.5	18289.9	15858.7	12409.7
13112.2	12095	11153.7	27943.2	31734.3	34266.3	36260.1	32473.6	30797.2	30079.3	35546.3	28102.4	30422.6	24887.6	25657.5	30661.1	30941.1	25304.4	29515.7	34828.6	26334.2	29436.8	28470.4	32608.1	35818.4	32473.8	33556.1	24771.9	31727.3	25378.2	25901.4	29578.3	27519.5	25901.8	26971.3	31506.6	33314.5	27749.8	27624.3	25092	26746.8	30877.3	21712.2	30931.8	25817.2	26175	29188.8	28188.5	24684.2	26700.8	26368	25648	29257.9	21532.6	26183.7	26470.5	25741.8	26558.3	26042.9	28503.8	25765.8	28163.4	25992.7	23682.3	19602.4	28929.6	30819.8	23196.2	26262.9	25332.2	24385.3	19030.4	27191.9	21787.9	21018.1	22236.4	22565.2	20246.7	21373.9	23391.2	17881.5	20249.6	18970.9	18005.6	18797.9	17107	14105.8	17639.5	15283.1	11954.7
15028.3	13862	12783.2	32003	36346.9	39249	41538.6	37194.2	35275.3	34450.9	40717.3	32185.8	34843.7	28501.9	29384.6	35114	35440.3	28981	33808	39898.1	30160.2	33717.3	32608.1	37350.4	41031.7	37198.3	38439.8	28370.4	36342.4	29065.5	29665	33880.2	31518.5	29667	30889.5	36087.7	38162.7	31784.3	31639.1	28739	30636.2	35367.6	24865.2	35432	29570.6	29981.4	33431.5	32286.4	28270.1	30581.5	30202.3	29374.3	33513.2	24661.7	29989	30318.7	29483.3	30419.5	29827.6	32648.4	29510.3	32258.1	29773.4	27123.3	22447.1	33137.1	35304.7	26567.3	30083	29015.9	27933	21793	31150.1	24956	24071.5	25469.9	25848.8	23191.5	24484.4	26800.4	20483.4	23199.6	21734.8	20629.3	21541.4	19601.5	16162	20214.4	17513.9	13698.9
16538.3	15253.4	14065.9	35151.1	39926	43113.3	45643.6	40854	38753.6	37842.6	44729	35355.2	38272.9	31303	32275.6	38561	38933.9	31835.1	37142.8	43838.8	33126.2	37042.5	35818.4	41031.7	45082.6	40868.8	42239.1	31163.7	39928.5	31927.6	32584.3	37222.4	34621	32593.2	33925.1	39641.3	41933	34917.5	34753.1	31571.3	33658.8	38854.9	27311.1	38927.5	32485.2	32940.7	36721.1	35466.9	31053	33593.3	33181.9	32264.5	36818.9	27094.4	32941.6	33306.1	32388.7	33418.6	32764.1	35866.8	32416.5	35435.5	32711.3	29794.3	24652.6	36404.1	38790.6	29183.7	33051.1	31877.6	30693.1	23934.5	34228.6	27417.4	26440	27982.2	28404.8	25482.2	26904.9	29460.9	22509	25501.7	23892.9	22677.5	23693.7	21553.9	17773	22233.1	19265.7	15069.6
15001.9	13835.3	12757.7	31870.1	36196.9	39084	41378.6	37036	35134.8	34308.5	40546.4	32055.2	34698.4	28380.5	29263.6	34957.8	35297.6	28864.3	33674.9	39741.8	30033	33584.2	32473.8	37198.3	40868.8	37050.4	38293.6	28256.1	36198.6	28948.1	29542.1	33746.6	31388.9	29551.7	30756.5	35936.9	38015.7	31657.6	31507.7	28625.2	30516.4	35225.6	24763.1	35290.8	29452	29866	33290.3	32154.6	28155.2	30456.5	30084.3	29252.1	33380.7	24567.7	29865.8	30195.9	29365	30298.7	29704.8	32517.6	29390.4	32125.6	29656.6	27014	22354.1	33003.6	35165.6	26459.2	29964.1	28900.9	27828.3	21701.7	31031.5	24857.9	23972.5	25369.9	25753.9	23104.6	24393.4	26709.8	20409.4	23122.3	21664.9	20561.7	21486.5	19544.9	16118.9	20160.1	17472.5	13668.6
15572	14356	13236.1	32932.3	37402.7	40378.1	42776.3	38259.2	36315.6	35451.7	41885.5	33127.7	35852.5	29320.2	30240.9	36099.1	36479.6	29833	34810.4	41079.4	31026.9	34715.3	33556.1	38439.8	42239.1	38293.6	39592.1	29203.7	37415.7	29918.9	30525.7	34881.3	32435.4	30551.3	31770.6	37126.8	39301	32721.2	32555.3	29591	31546	36404.3	25590.4	36475	30440.1	30877.5	34391.4	33227.1	29098.5	31473.9	31099.4	30224.2	34502.4	25402.4	30860.6	31204.5	30349.3	31316.7	30695.3	33606.7	30373.1	33194.7	30655.3	27919.4	23099.5	34106.9	36345.6	27344.2	30970.8	29871.1	28776	22423	32081.1	25694.7	24771.2	26224.6	26634.2	23890.9	25225.4	27635.8	21109.9	23927.3	22424.6	21280	22268.4	20243.2	16702.2	20887.2	18114.3	14176.2
11456.6	10563.6	9740	24314.6	27610	29807.3	31554.2	28246.3	26800.2	26171.6	30918.2	24456.1	26468.5	21652.9	22328.1	26666	26922.9	22022.7	25686.3	30305.4	22912.4	25618.3	24771.9	28370.4	31163.7	28256.1	29203.7	21561	27608.3	22086.9	22536.9	25740.9	23946.2	22546.3	23462.1	27408.6	28992.3	24149.1	24035.1	21838.9	23278.6	26867.3	18897	26914	22466.7	22783.5	25391.5	24527.5	21482.9	23234	22949.3	22316.4	25461	18747.4	22784.8	23034.6	22402.2	23113.7	22660.5	24803.9	22422	24504	22620.8	20611.9	17063.3	25172.2	26817.4	20186.3	22854.7	22046.2	21228.6	16562.1	23666.7	18963.9	18292	19353.4	19646.1	17627.7	18607.1	20369	15572.6	17638.9	16529.4	15685.3	16395.4	14912.8	12305	15378.1	13336.5	10437.1
14669.8	13527.9	12473.9	31137.8	35364.3	38182.8	40428.3	36181.7	34328.5	33519.9	39609.7	31319.4	33900.4	27727.5	28591.8	34149.7	34486.5	28202.6	32902.9	38828.9	29341	32813.9	31727.3	36342.4	39928.5	36198.6	37415.7	27608.3	35367.7	28284.2	28863	32971.9	30667.3	28875.5	30047.5	35107.9	37143.8	30931.1	30782.6	27969.9	29817.1	34415.6	24194.9	34479.4	28776	29182.3	32523.1	31415	27509.6	29756.8	29394.8	28579.2	32614.5	24006.4	29179	29501.6	28691	29603.4	29022.3	31770.6	28715.2	31386	28976	26394.2	21841.6	32244.3	34357.3	25851.7	29276	28237.2	27192.1	21203.6	30319.2	24287.8	23421.9	24788.3	25165.5	22576.3	23835.5	26100.4	19944	22596.5	21173.2	20094.6	21003.8	19103.7	15756.9	19705.5	17081.1	13364.3
11728.2	10814.9	9971.99	24909.6	28286.5	30538.2	32326.8	28939.1	27456	26812.2	31676.1	25053.7	27116.7	22182.9	22873.8	27319.7	27582.2	22561	26315.3	31047.9	23472.3	26244.9	25378.2	29065.5	31927.6	28948.1	29918.9	22086.9	28284.2	22626.7	23088.5	26370.2	24531.8	23096.8	24037	28079.8	29701.8	24739.8	24623.1	22373.1	23847.5	27524.8	19358.1	27573.5	23016.3	23340.1	26013.7	25127.4	22007.8	23802.4	23510.3	22862.2	26083.7	19204.2	23341.2	23597.4	22949.6	23678.4	23215	25410.5	22970.1	25103.5	23174.1	21114.8	17478.4	25788.2	27473.6	20679.4	23413.6	22584.7	21746.8	16965.9	24244.8	19426.6	18738	19826.1	20125.2	18057.2	19061.2	20865.7	15951	18067.4	16930.3	16066.4	16790.3	15273.3	12600.2	15750.2	13656	10686.1
11925.5	11000.3	10144.3	25422.5	28870.7	31174	32985.5	29543.4	28017.3	27365.3	32338	25566.8	27677.7	22642.8	23343	27895.9	28148.6	23021.3	26851.4	31683.5	23958.4	26779.7	25901.4	29665	32584.3	29542.1	30525.7	22536.9	28863	23088.5	23564.6	26908.3	25036.5	23563.9	24538.5	28663.2	30306.1	25245.1	25131.8	22827.8	24332.5	28090.1	19753.6	28139.2	23487.1	23812.1	26555.1	25644.5	22457.4	24291.3	23987.9	23334	26616.6	19589.4	23821.1	24081.6	23418.7	24161.2	23693.1	25931	23440.8	25621.6	23646.1	21545.4	17834.8	26318.2	28036.8	21103.1	23892	23045.6	22183.6	17314.4	24736.1	19821.4	19122.1	20229.4	20527.6	18419	19443.9	21276.9	16267	18419.7	17256.8	16378.6	17097.3	15560.3	12830.5	16043.7	13900.5	10873.4
13687.9	12621.3	11637.5	29029.5	32968.6	35594.9	37689.9	33729.5	32003.7	31249.7	36925.3	29199.6	31603.9	25849.9	26656.7	31835.8	32150.7	26293.8	30674.2	36197.5	27355.3	30592.3	29578.3	33880.2	37222.4	33746.6	34881.3	25740.9	32971.9	26370.2	26908.3	30739.8	28591.3	26921.4	28011.9	32730.2	34627.8	28836.7	28698.3	26076.1	27798.3	32084.9	22558.8	32143.9	26827.5	27207.1	30319.4	29288.1	25648.1	27742	27404.9	26644.4	30405.7	22383.4	27204.5	27505	26749	27599.9	27056.7	29619.4	26771.8	29260.7	27014.3	24608.9	20365.9	30060.9	32029.9	24102.2	27293.7	26326.3	25352.1	19769.5	28267.3	22644.8	21837.8	23110.4	23463.1	21050	22222.6	24335.1	18596.4	21069.8	19743.9	18736.8	19589.3	17815.4	14697.3	18376	15933.5	12467.3
12684.1	11699.1	10788.3	27010.3	30673.9	33120.6	35048.9	31387.5	29768.6	29074.6	34357.7	27164.7	29406	24056.4	24801.5	29635.7	29907.8	24460.4	28530	33664.9	25455.4	28454.2	27519.5	31518.5	34621	31388.9	32435.4	23946.2	30667.3	24531.8	25036.5	28591.3	26601	25038	26070	30454	32202	26823.5	26701.8	24254.7	25854.2	29846.1	20988.6	29898.2	24955.4	25302	28213.3	27247.4	23861	25809.4	25488.3	24791.8	28281.1	20815.7	25310.4	25587.4	24882.9	25672.4	25173.3	27552.4	24906.1	27223	25125.2	22892.9	18950.1	27963.6	29790.5	22422.3	25386.2	24487.3	23572.6	18396.4	26285	21061.8	20317.8	21494.8	21813.5	19572.8	20661.4	22612	17287.1	19576.7	18341.5	17407.4	18176.9	16540.7	13641	17055.1	14780.3	11562.5
12017.4	11078.2	10213.6	25422.7	28869.6	31163.4	33007.4	29529.2	28028.9	27365.1	32323.7	25573.2	27674.3	22635.7	23346.2	27867.8	28155.2	23030.4	26866.7	31698.3	23952.2	26794	25901.8	29667	32593.2	29551.7	30551.3	22546.3	28875.5	23096.8	23563.9	26921.4	25038	23582.8	24525.5	28655.1	30327.5	25255.7	25129.6	22841.7	24348	28096.6	19758.2	28148.2	23495.5	23832.3	26545.4	25646.9	22464.4	24294.8	24003.6	23332.1	26628.9	19610.5	23822.8	24086.3	23426.9	24172.5	23694.2	25938.9	23445.8	25621.2	23659.4	21553.7	17838.8	26323.3	28047.5	21108.2	23902.6	23055.9	22209.2	17314.3	24756.6	19833.3	19124.8	20241.6	20555.5	18440.8	19467.4	21321.2	16293.9	18464.1	17305.1	16420.6	17181.2	15620.2	12891.4	16112.9	13978.1	10941.5
12362.3	11407.4	10521.2	26472.5	30064.1	32469.1	34334.6	30772.9	29167.3	28495.8	33683.6	26618.9	28823.1	23582.7	24305.1	29066.4	29307.3	23966.5	27950.9	32983.5	24952.6	27877.1	26971.3	30889.5	33925.1	30756.5	31770.6	23462.1	30047.5	24037	24538.5	28011.9	26070	24525.5	25560.4	29852.9	31544.8	26281.6	26171.5	23761.8	25327.9	29246.8	20567	29296.2	24452.4	24783.1	27658.6	26702.8	23380.8	25292.8	24969.1	24299.3	27708.8	20385.3	24804.5	25073.9	24381	25152.4	24671.3	26997.6	24406.2	26680.8	24615	22430.5	18569.4	27402.8	29188.9	21971.8	24872.5	23991.6	23084.1	18029.8	25745.8	20633.1	19910.9	21057.6	21358.2	19166.4	20232.4	22128.5	16922.7	19153.7	17939.9	17029.4	17752	16166.5	13323.5	16663.6	14427.4	11281.1
14478	13357.6	12319.3	30921.3	35119.1	37928.7	40124.2	35945.1	34077	33287.3	39351.8	31096.1	33667.9	27542.9	28390.3	33943.6	34239.3	27997.5	32656.6	38542.4	29146.8	32570.6	31506.6	36087.7	39641.3	35936.9	37126.8	27408.6	35107.9	28079.8	28663.2	32730.2	30454	28655.1	29852.9	34874.8	36862.6	30705.2	30572.4	27759.4	29593.3	34170.6	24024.3	34229.9	28567.4	28958.3	32307.9	31196	27311.8	29547	29174.1	28384.1	32375.3	23818.5	28977.4	29294.1	28484.2	29387.3	28819.4	31542.6	28511.8	31170.3	28761.3	26204.3	21689.2	32016.4	34108.6	25668.2	29062.4	28032.3	26976.5	21058.4	30089.3	24108.5	23259.5	24604	24961.9	22398.2	23645.4	25873.4	19779.4	22395.3	20977.8	19912.2	20773.2	18910.6	15588.1	19497.4	16886.4	13204.4
15444.2	14239.4	13129	32694.8	37133.3	40089.9	42463.7	37986.7	36051.5	35196.4	41588.4	32888.4	35594.7	29110.5	30022.6	35845.9	36215.4	29616.4	34555.7	40780.5	30806.1	34461.9	33314.5	38162.7	41933	38015.7	39301	28992.3	37143.8	29701.8	30306.1	34627.8	32202	30327.5	31544.8	36862.6	39013.4	32483.2	32321.7	29374.3	31315.6	36141.3	25405.8	36210.2	30219.2	30651	34146.3	32988.2	28887.6	31246.8	30872.2	30007.7	34251.9	25215.4	30639.4	30979.9	30129.8	31089.4	30474.2	33363.9	30153.7	32956.8	30432.1	27717.5	22933.8	33860.9	36083.1	27146.9	30746.2	29655	28563.9	22262.6	31847.1	25508.2	24593.9	26033.7	26437.1	23715.3	25039	27428.2	20953.5	23747.2	22254.3	21119.1	22092.5	20086.5	16571.6	20723.4	17970.5	14062.4
12829.2	11830.3	10908.4	27235.9	30930.6	33394	35355	31644.5	30023.9	29317.8	34640	27394.1	29650.7	24253.5	25009.3	29869.8	30161.9	24668.3	28777	33955.7	25663.9	28699.4	27749.8	31784.3	34917.5	31657.6	32721.2	24149.1	30931.1	24739.8	25245.1	28836.7	26823.5	25255.7	26281.6	30705.2	32483.2	27053	26923.9	24464.2	26078	30099.3	21164.3	30154.3	25168.2	25523.1	28445	27476.1	24062.7	26026.5	25709	24997.3	28523.6	20998.2	25521.5	25802.8	25094.3	25891.9	25384.1	27786.3	25116.1	27450.3	25342	23086.8	19107.2	28200.3	30045.7	22611.4	25603.9	24696.5	23781.8	18547.9	26515	21242.7	20486.9	21680	22008.9	19745.8	20845.6	22823.4	17443.1	19760.7	18516.8	17572.5	18367	16706.1	13780.8	17230.3	14937.6	11688
12713.7	11728	10815.6	27112.8	30791.2	33249.5	35180.3	31510.5	29880.3	29185.5	34492.7	27266.6	29518.6	24149	24894.8	29753.8	30020.8	24551.3	28636.2	33791.8	25553.5	28560.2	27624.3	31639.1	34753.1	31507.7	32555.3	24035.1	30782.6	24623.1	25131.8	28698.3	26701.8	25129.6	26171.5	30572.4	32321.7	26923.9	26804.3	24344	25949.9	29959.2	21067	30011.6	25049.1	25394.7	28322.9	27351.3	23949.9	25907	25582.7	24886.4	28386.9	20890.4	25406.4	25684.2	24976	25768.2	25268.7	27656.1	25000	27327.2	25218.9	22978.2	19020.3	28070	29903.1	22506.6	25481.4	24578.9	23657.6	18465.3	26382.2	21139.8	20394.1	21574.4	21891.5	19643	20736.1	22691.2	17347.7	19643.3	18402.2	17465.9	18230.3	16592.3	13680.8	17107.6	14821.4	11592.6
11617.7	10711.5	9876.08	24628.7	27967.9	30191	31969.9	28609.1	27150.5	26509.9	31313.7	24772.2	26810.6	21930.2	22616.3	27002.3	27273.9	22308.9	26024.7	30703.5	23203.7	25953.6	25092	28739	31571.3	28625.2	29591	21838.9	27969.9	22373.1	22827.8	26076.1	24254.7	22841.7	23761.8	27759.4	29374.3	24464.2	24344	22126.2	23583.5	27216.1	19139.2	27266.2	22759.3	23082.8	25717.3	24843.6	21761	23534.5	23249.9	22602.7	25793	18992.8	23076.2	23330.8	22692.1	23413.6	22953.5	25125.3	22711.5	24819	22916.3	20877.4	17279.4	25498.2	27166.1	20446.8	23152	22331.4	21509	16772.7	23976	19209.6	18525	19605.6	19906.1	17858.7	18853.3	20643.3	15777.3	17875.1	16751.8	15896.5	16623.1	15116.7	12472.3	15592	13520.7	10581.9
12390	11423.6	10532.7	26251.2	29812.2	32184.3	34083.6	30497	28942	28258.1	33384.7	26405.6	28578.1	23374.5	24105.9	28782.3	29073.6	23779	27741	32733.4	24734.3	27666	26746.8	30636.2	33658.8	30516.4	31546	23278.6	29817.1	23847.5	24332.5	27798.3	25854.2	24348	25327.9	29593.3	31315.6	26078	25949.9	23583.5	25139.9	29013.6	20400.1	29067.1	24260.7	24606.2	27414.4	26483.8	23194.5	25086.7	24784.1	24093.2	27496.6	20244.8	24599.4	24871.5	24189.6	24959.3	24466.8	26784.5	24209.4	26458	24429.7	22254.3	18417.1	27182.5	28963.6	21795.5	24681.6	23806.7	22929.4	17877.1	25562.6	20478.1	19747.1	20899.9	21221.3	19038	20098.9	22011.1	16820	19058.9	17860.7	16949.1	17726.1	16118.7	13299	16627.1	14418.6	11283.9
14251.7	13144.1	12120.7	30303.9	34416.9	37162.5	39337.7	35216.2	33405.2	32622.1	38552.8	30479.3	32993.1	26987.4	27825.6	33244.2	33560.3	27444.8	32016.1	37782.7	28558.5	31930.4	30877.3	35367.6	38854.9	35225.6	36404.3	26867.3	34415.6	27524.8	28090.1	32084.9	29846.1	28096.6	29246.8	34170.6	36141.3	30099.3	29959.2	27216.1	29013.6	33492	23547	33552.6	28002.6	28394.7	31654.8	30573.5	26771.3	28959	28602.6	27815	31737	23357.9	28398.3	28711	27920.7	28807.8	28244.5	30917.4	27945.3	30546	28195.9	25686	21257.7	31379.2	33433.5	25158.4	28488.7	27478.6	26456	20637.1	29501.3	23634.5	22795.3	24120.9	24483.2	21965.8	23190	25387.6	19402.6	21978.5	20592.4	19543.9	20417	18574.6	15318.6	19156.8	16602.3	12987.7
10024.5	9244.15	8523.81	21312	24199.8	26126.9	27651	24759.7	23487.5	22939.1	27100.5	21434.7	23199.8	18980.6	19570.5	23377.9	23595.9	19301.6	22510.7	26557.7	20084	22451.2	21712.2	24865.2	27311.1	24763.1	25590.4	18897	24194.9	19358.1	19753.6	22558.8	20988.6	19758.2	20567	24024.3	25405.8	21164.3	21067	19139.2	20400.1	23547	16563.2	23587.3	19690.1	19965.5	22256.9	21497.6	18828.9	20363.7	20111.6	19560.8	22313.3	16428.7	19970.6	20188.7	19633.8	20256.9	19861.5	21738.5	19652	21477.2	19823.9	18065.1	14956.6	22061.7	23501.5	17692.3	20029.3	19321	18601.4	14517.5	20738.6	16619.5	16032.9	16960.6	17213.9	15446.6	16304	17843.4	13644.1	15451.3	14478.4	13739.3	14353.8	13059	10773.9	13464.4	11674.5	9135.34
14286.9	13176.2	12150	30356.9	34478.3	37227.8	39413.4	35277.3	33466.7	32679.7	38620.5	30532.9	33051.2	27033.2	27874.1	33298.1	33621.5	27493.7	32076.1	37854.4	28606.6	31989.4	30931.8	35432	38927.5	35290.8	36475	26914	34479.4	27573.5	28139.2	32143.9	29898.2	28148.2	29296.2	34229.9	36210.2	30154.3	30011.6	27266.2	29067.1	33552.6	23587.3	33615	28053.5	28447.7	31709.5	30627.6	26818.3	29010.2	28655.6	27862.8	31795	23400.9	28447.3	28761.6	27970.3	28859.7	28294.1	30972.9	27994.7	30599.7	28248.1	25731.1	21292.3	31436	33495.1	25202.8	28540.7	27528.1	26506.5	20670.9	29557.1	23677.3	22833.6	24164.9	24530.3	22006.9	23234.7	25440.6	19439.5	22023.3	20634.9	19584.4	20464.3	18615.5	15351.9	19201.4	16640.8	13017.7
11928.1	11000	10142.9	25339.2	28776.6	31069	32891	29441.8	27932	27276.1	32228.5	25485.8	27586	22565.1	23267.5	27791.9	28060.7	22949.7	26771.6	31589.7	23877.4	26699.7	25817.2	29570.6	32485.2	29452	30440.1	22466.7	28776	23016.3	23487.1	26827.5	24955.4	23495.5	24452.4	28567.4	30219.2	25168.2	25049.1	22759.3	24260.7	28002.6	19690.1	28053.5	23414.8	23744.1	26464.9	25562.5	22386.4	24213.8	23917.4	23256.8	26536.2	19534.4	23744.1	24005.6	23346	24088.1	23616.2	25850.7	23366.7	25538.6	23576.1	21478.4	17776.4	26236	27952.3	21036.4	23820	22975.7	22123.4	17256.3	24666.7	19762.3	19060.1	20169.2	20474	18369	19391.9	21230.2	16226.2	18380.9	17223.2	16345.3	17080.8	15537.7	12816.1	16024.8	13890.9	10868.4
12148.7	11199.4	10325.3	25690	29174.4	31492.9	33360.1	29841	28326.1	27653.8	32666.6	25842.8	27966.1	22873.2	23591.7	28159.6	28453.3	23273	27151.5	32036.5	24204.2	27078.2	26175	29981.4	32940.7	29866	30877.5	22783.5	29182.3	23340.1	23812.1	27207.1	25302	23832.3	24783.1	28958.3	30651	25523.1	25394.7	23082.8	24606.2	28394.7	19965.5	28447.7	23744.1	24085.4	26825.4	25918.3	22700.7	24551.3	24258.2	23577.7	26911.3	19817.9	24074.1	24341	23674.6	24428.7	23943.9	26213.6	23693.3	25892.2	23910.7	21780.9	18025	26602.5	28346.4	21330.9	24156.6	23300.4	22445.5	17495.2	25021	20043.4	19325.7	20456	20774.6	18636.6	19674.9	21551.4	16467.3	18662.4	17491.1	16597.4	17368.4	15789.2	13030.5	16289.1	14130.4	11060.1
13398.8	12362.8	11402	28647.5	32536	35138.4	37167	33301.7	31568.8	30838.6	36454.4	28808	31192	25518.3	26302.4	31449.7	31719.5	25937.7	30252.8	35702.9	27002.3	30172.7	29188.8	33431.5	36721.1	33290.3	34391.4	25391.5	32523.1	26013.7	26555.1	30319.4	28213.3	26545.4	27658.6	32307.9	34146.3	28445	28322.9	25717.3	27414.4	31654.8	22256.9	31709.5	26464.9	26825.4	29931.6	28899.6	25302.8	27372.9	27025.9	26296.1	29991.4	22064.4	26844.3	27137.2	26387.4	27223.3	26699.6	29220.3	26413.4	28875.8	26642.9	24275.5	20093.8	29658.7	31595.3	23779	26921.6	25967.4	24988.4	19509.9	27870.3	22332.5	21547.6	22792.1	23121.4	20747.1	21902.2	23961.6	18319.9	20740.2	19426.6	18440.6	19232	17510.2	14432.2	18052	15631.7	12223.1
12994.8	11986	11053	27665.8	31419.7	33926.8	35905.4	32151.3	30493.4	29781.4	35196.2	27824.7	30120.5	24639.9	25403.1	30354.8	30635.7	25054.2	29224.4	34486.9	26073.9	29146.9	28188.5	32286.4	35466.9	32154.6	33227.1	24527.5	31415	25127.4	25644.5	29288.1	27247.4	25646.9	26702.8	31196	32988.2	27476.1	27351.3	24843.6	26483.8	30573.5	21497.6	30627.6	25562.5	25918.3	28899.6	27911	24439.9	26436.8	26108.9	25394	28970.1	21321.5	25926	26210.5	25488.3	26297.4	25784.8	28223.3	25511.6	27885.9	25737.6	23449.1	19408.6	28645.3	30518.2	22967.4	26005.2	25084	24147	18841.7	26927.5	21574.6	20811.3	22018	22345.5	20049.4	21165.5	23166.7	17708.3	20055.7	18790	17833.4	18623.1	16945.7	13974.5	17474.5	15142.8	11845.1
11403.2	10515.3	9695.83	24228.9	27512.9	29703.3	31440.4	28148.3	26704.4	26079.2	30809.5	24368.6	26375.5	21577.2	22248.7	26574.4	26827.4	21943.9	25594.7	30197	22830.9	25526.4	24684.2	28270.1	31053	28155.2	29098.5	21482.9	27509.6	22007.8	22457.4	25648.1	23861	22464.4	23380.8	27311.8	28887.6	24062.7	23949.9	21761	23194.5	26771.3	18828.9	26818.3	22386.4	22700.7	25302.8	24439.9	21406.1	23151.4	22866.4	22237.3	25369.4	18678.3	22702.9	22951.7	22321.4	23030.1	22580.3	24714.9	22341.6	24416.7	22539.2	20537.2	17001.1	25082.2	26720.6	20113.9	22772.3	21966.2	21150.6	16502.7	23579.9	18894.7	18225.8	19283.3	19573.1	17562.2	18538.4	20291.6	15513.5	17570.5	16464.5	15624.4	16326.4	14852.2	12252.6	15315	13278.4	10390.7
12315.3	11358.3	10473.9	26206.5	29761.3	32134.5	34009.2	30452.6	28884.5	28209.6	33334.6	26356.8	28530.8	23339.6	24063.4	28750.8	29018.9	23733.2	27683.1	32665.8	24696.6	27609.3	26700.8	30581.5	33593.3	30456.5	31473.9	23234	29756.8	23802.4	24291.3	27742	25809.4	24294.8	25292.8	29547	31246.8	26026.5	25907	23534.5	25086.7	28959	20363.7	29010.2	24213.8	24551.3	27372.9	26436.8	23151.4	25041.7	24731.6	24053.7	27441.1	20197.9	24557	24826.2	24143.2	24909.4	24424.4	26733.4	24165.2	26412.9	24379.2	22212	18385.5	27132.2	28905.7	21755.4	24632.2	23759.6	22873.9	17848.2	25505.3	20436	19712.9	20856.5	21167.5	18992.3	20049.3	21944.4	16775.3	18998.8	17800.6	16894.1	17644.6	16054.7	13240.6	16555.2	14347.9	11224.7
12216.6	11263.5	10385	25879.6	29390	31728	33601.3	30064.8	28532.3	27857.9	32911.2	26031.9	28173.3	23043.7	23765	28374.3	28661.9	23442.5	27348.4	32269.6	24384.3	27274.6	26368	30202.3	33181.9	30084.3	31099.4	22949.3	29394.8	23510.3	23987.9	27404.9	25488.3	24003.6	24969.1	29174.1	30872.2	25709	25582.7	23249.9	24784.1	28602.6	20111.6	28655.6	23917.4	24258.2	27025.9	26108.9	22866.4	24731.6	24433.4	23752.1	27107	19958.8	24251.2	24519.4	23847.1	24606	24120.4	26405.1	23866.9	26083.4	24084.1	21939.5	18156.8	26797.8	28552.9	21487	24332.2	23469.8	22604.9	17624.1	25200.8	20188.5	19467.5	20604	20921.2	18768.9	19814.6	21700	16582.4	18789.7	17608.7	16709.8	17476.6	15891.5	13112	16392.7	14216.2	11125.5
11806.4	10890.6	10043.2	25173.4	28587.8	30869.8	32660.8	29255.2	27741.9	27097.4	32023.3	25316.4	27406.6	22421.8	23114.4	27625.5	27872.4	22795.4	26586.7	31372.1	23725.6	26516.4	25648	29374.3	32264.5	29252.1	30224.2	22316.4	28579.2	22862.2	23334	26644.4	24791.8	23332.1	24299.3	28384.1	30007.7	24997.3	24886.4	22602.7	24093.2	27815	19560.8	27862.8	23256.8	23577.7	26296.1	25394	22237.3	24053.7	23752.1	23106.3	26355.5	19396.6	23589.1	23846.6	23189.4	23924.6	23461.1	25677.3	23211.5	25371.6	23413.9	21334.8	17661.5	26060.8	27762.3	20896.7	23657.8	22820.3	21964.8	17145.9	24493.7	19627.5	18936.2	20031	20325.1	18238	19252	21065.9	16107.1	18237.8	17085.9	16216.4	16926.5	15405.6	12703.3	15883	13762.1	10765
13532.6	12478.8	11506.3	28714.6	32611.5	35209.9	37280.4	33364.7	31656.5	30911	36525.6	28882.7	31261.7	25569.7	26367.3	31491.8	31802	26008.3	30341.3	35805.2	27058.2	30259.8	29257.9	33513.2	36818.9	33380.7	34502.4	25461	32614.5	26083.7	26616.6	30405.7	28281.1	26628.9	27708.8	32375.3	34251.9	28523.6	28386.9	25793	27496.6	31737	22313.3	31795	26536.2	26911.3	29991.4	28970.1	25369.4	27441.1	27107	26355.5	30076.1	22139.3	26909.1	27206.1	26458.7	27300	26763.5	29298.2	26480.9	28943.3	26720.8	24341.2	20144.1	29734.5	31682.9	23840.3	26997.5	26040.3	25076.2	19554.9	27959.7	22398.3	21600.5	22859.4	23207.5	20820.3	21980.6	24069	18393.1	20839	19526.9	18531.6	19371.7	17618.8	14533.7	18173	15755.2	12327.6
10017.8	9232.56	8511.15	21135.2	23998.8	25901.9	27442.8	24543	23303.5	22749.1	26864.6	21262.2	23005.1	18816.9	19410.6	23159.4	23406.9	19149.1	22338.1	26352.2	19911.4	22278	21532.6	24661.7	27094.4	24567.7	25402.4	18747.4	24006.4	19204.2	19589.4	22383.4	20815.7	19610.5	20385.3	23818.5	25215.4	20998.2	20890.4	18992.8	20244.8	23357.9	16428.7	23400.9	19534.4	19817.9	22064.4	21321.5	18678.3	20197.9	19958.8	19396.6	22139.3	16310.2	19805.8	20025	19478	20098.7	19697.8	21565.2	19493.2	21298.8	19671.6	17921.8	14834	21883.5	23316.8	17549.7	19872.9	19169.7	18469.5	14395.7	20584.9	16491.6	15901	16830.6	17095.4	15336.9	16189.6	17734.8	13553.4	15361.2	14399.6	13661.6	14306.3	13001.8	10735.2	13412.9	11642.9	9116.27
12075.4	11136.9	10269.9	25698.8	29184.4	31513.6	33348.5	29864.1	28323.6	27663.3	32692.4	25846.7	27978.1	22888.3	23597.7	28197.8	28456	23272.9	27144.2	32031.4	24221.4	27073	26183.7	29989	32941.6	29865.8	30860.6	22784.8	29179	23341.2	23821.1	27204.5	25310.4	23822.8	24804.5	28977.4	30639.4	25521.5	25406.4	23076.2	24599.4	28398.3	19970.6	28447.3	23744.1	24074.1	26844.3	25926	22702.9	24557	24251.2	23589.1	26909.1	19805.8	24083.8	24347.1	23676	24427.2	23951.4	26216.1	23697.8	25903	23906.4	21782.8	18031.8	26607.4	28346.4	21334.8	24155.3	23300.2	22428.9	17504.3	25011.5	20040.8	19333.5	20452.2	20755.8	18624.1	19659.4	21516.5	16450.2	18629.2	17454	16564.9	17299.3	15741.1	12983.2	16230.4	14068.4	11005.8
12218.9	11268.8	10391.2	25979.7	29504.3	31858.1	33719.4	30190	28636.1	27966.3	33050	26130.2	28284.2	23137.3	23855.7	28502	28769.3	23528.5	27444.5	32386.6	24484.8	27372.1	26470.5	30318.7	33306.1	30195.9	31204.5	23034.6	29501.6	23597.4	24081.6	27505	25587.4	24086.3	25073.9	29294.1	30979.9	25802.8	25684.2	23330.8	24871.5	28711	20188.7	28761.6	24005.6	24341	27137.2	26210.5	22951.7	24826.2	24519.4	23846.6	27206.1	20025	24347.1	24614.3	23936.3	24696.5	24213.6	26504.7	23957.8	26186.9	24170.8	22021.7	18227.7	26900.3	28659.9	21568.8	24421.9	23557.1	22678.6	17694.5	25289.5	20261.9	19544.4	20678	20987.4	18830.9	19878.6	21760.4	16633.8	18840	17652.1	16752.8	17500.9	15922.2	13133	16419.3	14232.9	11134.7
11895.9	10969.9	10115.1	25265	28691.8	30977.6	32793.2	29355.1	27849.8	27196.2	32134.3	25412	27504.9	22499.4	23199.9	27711.2	27977.9	22882.9	26692	31496	23808.6	26620.9	25741.8	29483.3	32388.7	29365	30349.3	22402.2	28691	22949.6	23418.7	26749	24882.9	23426.9	24381	28484.2	30129.8	25094.3	24976	22692.1	24189.6	27920.7	19633.8	27970.3	23346	23674.6	26387.4	25488.3	22321.4	24143.2	23847.1	23189.4	26458.7	19478	23676	23936.3	23278.4	24017.9	23547.2	25775.4	23298.7	25464.4	23506.9	21416.6	17726.7	26159.2	27870.7	20975.5	23750.5	22909.2	22058.8	17207.4	24594.7	19705.3	19006.1	20110.6	20414.1	18315.9	19335.1	21167.5	16179.7	18327.9	17173.6	16297.9	17032	15493	12780.6	15978	13852.2	10838.6
